$ANSIBLE_VAULT;1.1;AES256
39633632353264646561373965366564336536623539343461396365633736643163623162353364
3030346239306265653964313135303339633861363239330a386266306633313731323839313164
34616135363636353135313839336337313038303265366432343939643264353638323436363830
6136653336316535370a643361363537646236623934643133353632343439653337336630623134
62636538636365343030646430626239303231653139386439613931306432333836623732633764
66336530366136373537333263366535653536343861323266626161666665333433653233616631
33643166646438396438353435363963303937366464323562333362316137323864356566613036
34306431633162363236326633613562346130313230643434626439333933663463333762353961
64333137653834316235323966663433346266616239383238383831346331356136393335303637
63316338303730306631326630663931363462343534316139616361326435643763636133393363
64646431616364363637633033366337623036366533353361626466346261383930313736306134
35663432343630303761366431343565313032323638303139376237616136396363326362633464
62316537633663316535316132626231353034383330303065306236663563623866326438613830
35613932373866666239306337353737346565386135653939373661373838353766306333393639
62393061363235366338396138376464666363616331646565373762363739333537666164643361
66366463353537386233623339393436393236323532636531623263313437663130333961326439
38653738633863333233666438333066396331376539313630376161333261653235633834653863
32623339633533636161343765366631366539626135366362316233373332633630396464383663
39343231313166643235663764346230623139346566623836616662343862636464643831656564
65396664633937646633306430316130336161386361303462313130313833623865346162316566
30356130333638336131383733613638306462343439356635333139353834653536323466666534
37656362616134643638663566653466316334396166663930343535356261636233363334366664
36396131386430376634343434616364636439346531623439633662353562656134313062623139
61333638393962626432353133616330323834373034316564363462636632373262613738396362
37313234353063393533653033396130323563326335376532356235666464613061313038663866
32353334666139656233313634616661373466363535613138346337393531356539653639646233
37356333393232643034616132663535323836646165353635303038626363653836656365653962
32623133653935303765323461613763336137376231306166653232646237376330346437663561
39396437383039613964376132613362666232643037316464386430613034656563363534313964
39346164663132386430323064343031643238393435363631663738623735313039626633313366
33396363643864336364316639616164396336343663613233363438376363326238363831626535
36343335623438656532643162393834656565386661333538613462306434636639346230643864
63383763663438306136613733663431383133353032373032653565633865363239353463326535
65356335643531326236613137343130656330643435326231313865653236396135363863366439
34323531343165313063646666656665373165393965356262306638313264376632623836303533
36306462633833306230326438643834623932353233666538383666633836613062663737373034
33366538623739366563326639356234386163303736323731633639626238623937316333373734
32326232646634386164316632306538383662303137326332386133353864303439303831323861
31353162356131653863643662333036323435363633303434373538626431316637323337633335
37663266366239643963366339646563613364373838623237366430323364313462363563663862
64623439333432376439393139333364616438393062303132626363393631636136373732626230
38636633633765343665653163356565386533333437356433306534623037373764303030653338
63656162343735363734363633356562376464653664373963643837356661326631316238666533
36336361666137653431623836373961666264326236313731323931396537313062373930613266
62366165633734653963383261313561663966316564373135623161313737333731663935323039
38643437616535326363313135386436663363393266343236623231663663373963633333353830
66653536333334373761313738303137336661633132653763333466303964663832656437373037
34343933373262663636316634656164306664666430346138346566626334666133653033373631
65366131313435626636323462613635343166623362323361333031653961323531636161623663
32373537346565646262393433363539633930653333333162653638643463373535356231303130
31663138623339343237663436306638393839653866346631303832353566333139386134366433
65666236656536653233306166326532323334396566663035373135313233316261393364653534
33343435623466353434346662646236333164663261333234366665393236316330383937356639
31356331313864353466633033613637633363613530336232303530663032366365663432343639
39303964363335643536323866306135326138306430363839326431323438633833376636303836
33613735656333626532333530343434363231303837666564333036353166323565653562626536
37323433396632313636633030666463306466613561376464346439303262343830343136653239
66376365653434633462396230626133616664633830353966343164306261326232646137393435
63626263306363303232396234626465306639383435663562383564636430303637393963643061
65323733656538633863386133383762343464383266643637333338346636306263663539613163
63653139646161616536316439323464323839353038643361313337326137366163353431313564
39653530633231616337656535343464663363653262633939626664386139613835313565336134
37353565623064356163313036366331653764633030386339366136663034326439346134643631
61653436346439663939656235323737303332663632633263353265316664333064616433663463
62656364353434633436613534333434663964613864653364303064616137353639616138656239
36646166313261373130323161386231343435633238343832626665643534323964303561363063
61393934353061346630646566643534636338616236653661373039636461336164323436313330
30656531346539343265
