$ANSIBLE_VAULT;1.1;AES256
32376235366436636330623963613839383639386132626134323132386534636638303333343732
3835636463623635316664333266646661633764646661310a643466623230383036316435633335
35313339333531306537663437316364383262383264663931396239376161313762383731613336
3535646161383538320a666464653130616238633335323966666661393364306161313831306261
33616638646664393063333735373331396164363664633235653764633332326535356165373132
65373533616366356334353538303831363865383334316664376563343838343162626165363933
65616430663637393437383633623739636666383561363432653863343531393263633338373962
38653663393730623633613661393965386431656166383437393032623438613432656366646438
66623066303039623433383634323835313266343736333131656561623963343063323039366362
65313763623364623434386264303738366636376436353266633539343361303130343332393033
32393838396439316333633961393332643934346633393333366236623638383136336464323936
34636436323032633935393735353234356365636565326466633766393735383637623466616632
63646465356137383639373961323335613734623432363834376565643564396466396432653963
34393639323965386234613134303466626535303765666532343635353866613034336332643964
35653966353031383764663436333865363735656334653839323334323634613235613032666135
31653431316665386366393132303364316466346632346239633237373364313031326264626462
33386437616534353239633734656433353764396664353435653364353364363938396630346664
30306530623833326565663731353464333430353739336364366436393430343838313637393638
31613036383462306266366439316236373436326435616131366337396437373333633534643937
66376130633731643162346532393038333463356131383065656562373330343136383331613633
65363662323666386565373664366330396264393938333764353735656636613863306536313938
38376464393465306438646466336233363266333738653861363961633835386630353139643264
64353463396537313762326137333636613834353964626233336565623730393262616562633037
34316462316239643164323865666339333135383233663336373239376639366534336238656634
30623235313066366431376163393663313430326130386339343436396566373366663331613231
38613763326535623135386338653861653935323134373561323735333431326535376265393563
37346362336166313365343330343766333666633833633938333131376536343836643431616665
62623862326434613836393137383532653366303864333230643330656636383730626337323530
34643237623739306438346132616432373831396461356663373938663937376561613136633562
64346662393833393065626330653133376365363035613264646330373830336133346138343731
34343565396230356561353830653235313038306431386437613966323863313433343361383134
63393161326237613565393331616462376562346365343332666364643963646138383039383732
62313963313032383263653830386530663434623731393434623364366532383839626638633663
37656531633039633664383632623862333832653538656236396164646538336633656465653132
32396138393864353839653632396562316333353637663231306234343833626436353562643965
62363763316538643736656132373763333564396438333630303634393235336230346466346233
63643336383637313934616230343364663032336633343532343433656137616534373430363066
65326530393734633464626437623339396136396630626663343364396334386333363135303164
35626365626265303533303636376633633932386164653431616237663333333734356631643730
62316130386638396566313830333431383932393333623531363438396663393536633738663030
65653432333537383437333766656537366234663362353335643735356431633135323561336664
31613166333836623865373663626638653630353831666165663233613362373033333638373463
66613232653732353734356436643331623332373234393636343034646631316135383135613133
66353165386137663365663865333064623265326437376635303039656637623332656165363535
35393339346632336632616262616134656432663266376539333963326237646635626231633661
31393966303633313037633461393034616663643166643661313061336563366634623666303735
30323338353764326431366238623631666532396338356233643533633935386165353564386536
63623764396533386335303962626463313763633230316531393934333437393130326438303535
62666164343964333335383739373761353037646366363933376363396532646561353362383230
65373334303433353330643438653436376634623761663065633137373530643639373534346131
66623833633763643661353834383731623336336232313834636432316363343537643764336266
61343631653130333937623664613762343263383764343463353535393437303164373263623230
34636539326439656262396666633865313530633532326535326437356430336263633433333966
66393033663866393661613565303366306566313938616130323136306663326462366234323963
32393662333838326232626565643033623935366662613237633536386365303834313336313131
64333238376438653763386537646433326366363631356162326665353266623539306533643263
66386232393630353239346363386461323430646139636630336130653663636139623339613461
30633431353337616665623333356336366132386233636366653638396430383763326131646230
36383233653136363436303533646266353435346561333033663563333438323538366139316363
39306230373931323238326330313737633933383238336465643164633937386165343637626337
62336533653138323733313139303237376531346238616638313863646639393738363238303166
37346431326563316134336433386161303132336161356263346132376465393761373031383536
34323437646231343833306234346538623062373432653137383762313966623238363730666237
65636133623037636137656330653832383563346530666135326435356239613234323862666163
39396566323539353564613232386330306334316362336265653961303936383965313834363738
62393632643034383266323864386130646631363632626361353934356334633865636538326565
38303339353561666332383539373164323132323230616463373630653661336239656633393262
32346533306236653234366665306239616230666661613831306337323733313961366566653230
64663230623139656363326435663463313437356138356635663764353335333530383361656336
65333666613862363463663962653766343733666237643935653530313837393730396237623239
64323466646631383063653631633637323935393064373362363832653265613337333535623564
65363463353464363234333538323065663561393564333436393732386139323535643761653430
63383064353061316532323938653165306637316262393063663532343433333134326239323661
36623330356137343436333834396231636231333964313339333865633566623432656333623361
35636262306639343139396364313039303633333762343563626433663436393032633263656634
36383932636630383864396361643338666266353739356261663738376163656263633636633365
66613030633164313963373662373433353631633230613933636233343565626465376231373334
33636137633637323664326566313363656562643563616237643032306530376563613039383362
62636662343861313362326561666134653435663761353836323631356434373538626431666366
33663835613435356339363362613734316531363863666432626439363032316133373564373862
64366332663365323762643033336235353333623564346138623565653966386233343361343430
63666466363333383364333937633336623538383361643436386464366662643638333830313236
66323334393837646432326236303664303338626530363737653530373131366266653137313361
65393830636639386665316631613731636431343334306136373030343761623664373430613136
33353866353163623639656635306630303533623535396536333233376163336538303036656532
35333138636630366564343032363238353133663166366664356434643864333237343365633861
35643537326666656564376430373263656139353933663830313536373261613061383833363662
32313333303230386537346166656135336635383634313933646630343566343537663932646661
6437
